100
422931895
71429777
675905967
0
142155100
95124058
472956328
123
442015041
31524
877115755
796888162
621007349
197557112
999999999
102163946
474712259
9990999
10
183177323
258790252
213407487
531589811
936797786
581798116
43656583
460629904
788764912
466726985
794507962
872363953
982336164
232159457
637771175
45327508
238372167
363383384
71855593
548332293
680342068
805593385
454888996
535743738
660151960
284468012
519351016
989261522
771669946
804504131
955507356
139127768
1981979
219981414
372882477
472998073
482215944
195489955
140016269
804803226
514870864
455129451
793168161
382948411
349827518
554295944
129752440
192523189
680707802
67312773
882113395
189325590
754587333
281384489
118461727
376043037
987347603
328048625
66937240
385440972
519468105
72581582
83932751
347112974
605818883
883158673
482379699
657580701
745070355
625057743
465710477
933730276
66534078
883164281
168657271
305765199
478139285
771624151
770317155
267548247
601460740